"","ensgene","baseMean","log2FoldChange","lfcSE","stat","pvalue","padj"
"1","ENSG00000005483",965.310645637678,-0.132031686010779,0.0562945079868731,-2.34537418892739,0.0190079923935668,1
"2","ENSG00000010072",127.924904198495,-0.148401477380258,0.0728942415603578,-2.03584637419375,0.0417657840851272,1
"3","ENSG00000013297",4.29793508344147,-1.16084061975689,0.499844470325775,-2.3224036448784,0.0202112112851212,1
"4","ENSG00000020577",835.354303387719,-0.351908268011832,0.112067712275883,-3.14013966079293,0.00168867309011253,1
"5","ENSG00000023892",15.2399982237155,0.680702498624328,0.319927475786521,2.12767752113464,0.0333638299127013,1
"6","ENSG00000037757",78.9320609747914,0.372669846333672,0.178483422008879,2.08798017283159,0.036799623243106,1
"7","ENSG00000043143",1176.22768315331,-0.190589961925752,0.0742462930770234,-2.56699633109001,0.0102583697819036,1
"8","ENSG00000044574",4341.5110804756,0.452733749654103,0.106537779187269,4.24951367587925,2.14235129944747e-05,0.755050291977266
"9","ENSG00000053371",198.221922695681,0.25379881288945,0.104545826213452,2.42763218850332,0.0151977473758921,1
"10","ENSG00000056097",1294.52331382368,-0.114646170542528,0.0548077729011642,-2.09178670239477,0.0364576004209404,1
"11","ENSG00000057935",414.243809525735,-0.115501652867503,0.0558632631943661,-2.06757797992638,0.0386797244759435,1
"12","ENSG00000060656",285.92971350497,0.270632070235885,0.128211158942922,2.11083085487409,0.0347868530296767,1
"13","ENSG00000061455",3.89691758272138,-0.963648122275206,0.431707873418522,-2.23217638966012,0.0256033072330417,1
"14","ENSG00000062370",61.9308379175092,0.287823974905789,0.121169490997377,2.37538321351882,0.0175307390529184,1
"15","ENSG00000067167",1970.53790201929,0.0838287958326041,0.0406474763708592,2.06233703336875,0.0391756595567196,1
"16","ENSG00000070669",275.415214042768,0.396129675870549,0.200400717110181,1.97668791600558,0.0480769175617765,1
"17","ENSG00000073067",1.2236259805745,1.98114467648577,0.961226197434519,2.06105980233725,0.0392973351512919,1
"18","ENSG00000075539",1242.65286339981,-0.24147093778928,0.085572816389292,-2.8218182826982,0.00477522265436192,1
"19","ENSG00000080166",1.60303496652982,3.47314499104577,0.882995901053759,3.9333647946734,8.37649644194836e-05,0.984070802000093
"20","ENSG00000080200",134.653114247558,-0.191677370069333,0.0873282420470878,-2.19490700346378,0.0281702693464634,1
"21","ENSG00000081386",152.561577651329,0.138659868085877,0.0676516135083338,2.04961657076805,0.0404018620920357,1
"22","ENSG00000084733",1939.23940740506,0.115598840881392,0.0567788686468763,2.03594829619332,0.0417555474037829,1
"23","ENSG00000085831",209.925870296039,0.538136077705105,0.272035533933914,1.97818303338208,0.0479080620506339,1
"24","ENSG00000086598",1477.38486129037,0.117345038895255,0.0463869811658986,2.52969768555495,0.0114160843355171,1
"25","ENSG00000087586",22.8631277196325,-0.378907562792065,0.189371431471925,-2.00086971855751,0.0454064316484694,1
"26","ENSG00000088340",32.624234727225,0.442780515916845,0.19081046410539,2.32052533383224,0.0203124760860423,1
"27","ENSG00000090565",801.35961108658,0.183903065628603,0.0835141284798494,2.20205932787739,0.027661117966563,1
"28","ENSG00000092140",213.107549721589,0.153154955393703,0.070841771712263,2.16193005471081,0.0306235679725442,1
"29","ENSG00000095794",190.252504131213,-0.238505983816503,0.0857939976999785,-2.77998450020429,0.00543614930793658,1
"30","ENSG00000096996",2.55076793644597,1.24481179656775,0.600461347940503,2.07309229950817,0.0381636905228875,1
"31","ENSG00000099194",6070.65036288546,0.425432927159032,0.165074579950447,2.5772164756484,0.00995995529351471,1
"32","ENSG00000099875",980.746835861381,0.365541614581195,0.180740904725015,2.0224620162068,0.0431286438402915,1
"33","ENSG00000100219",1764.48153878778,0.423475935518575,0.212733950148761,1.99063635692585,0.0465208801898108,1
"34","ENSG00000100225",953.277489846194,-0.0825365541013076,0.0383155256848563,-2.15412819284192,0.0312301201519047,1
"35","ENSG00000101187",913.030772762526,-0.346897166935177,0.152276335679511,-2.27807666494731,0.0227220102907512,1
"36","ENSG00000101255",208.36613171236,0.611120248797557,0.290523484276266,2.10351411115677,0.0354208530871294,1
"37","ENSG00000101294",870.459172064301,0.144046329667563,0.0561077656602325,2.56731537911977,0.0102489349748,1
"38","ENSG00000101608",2412.64297298702,-0.2470357976165,0.117797384865008,-2.09712463396021,0.035982543844694,1
"39","ENSG00000101974",445.214627349522,-0.313077514895159,0.151725977824337,-2.06344041662813,0.0390708033139575,1
"40","ENSG00000104804",2.06630827354411,1.72447495013536,0.844592729562831,2.04178284962027,0.0411730762159121,1
"41","ENSG00000105698",1312.89236115227,0.139142186143321,0.0689241335171342,2.01877309213806,0.0435108089958209,1
"42","ENSG00000106258",3.23780391280662,1.64172419824518,0.687103575096477,2.38934020684532,0.0168786644916485,1
"43","ENSG00000106692",288.1348142521,0.141689279010732,0.0640540477108956,2.21202693778601,0.0269648037054388,1
"44","ENSG00000107331",1135.17250711366,0.270656767292018,0.134647713740337,2.01011038192575,0.0444195075022631,1
"45","ENSG00000107611",33.6550145087788,-0.5914316563225,0.167583111136864,-3.52918413025213,0.000416842990992922,1
"46","ENSG00000107614",110.178110101615,-0.261662759290608,0.116564708722889,-2.24478542568714,0.0247819108399263,1
"47","ENSG00000108559",279.957077022156,-0.1362264216344,0.0659336368307109,-2.06611417453235,0.0388177001430231,1
"48","ENSG00000108591",263.020585749907,0.14319413267907,0.0655594853711793,2.18418634417804,0.0289485579658721,1
"49","ENSG00000108771",92.5176148112943,0.348315329209733,0.156932999184576,2.21951616944544,0.026451628414573,1
"50","ENSG00000109501",417.675249153224,0.117194247643083,0.054338652806937,2.15673818891811,0.0310260696423692,1
"51","ENSG00000111328",481.130013027128,-0.20873299416408,0.0907650300043895,-2.29970721272262,0.0214648132220132,1
"52","ENSG00000111554",73.9449917953783,0.22220763612607,0.108875421789543,2.04093479018248,0.0412573091976413,1
"53","ENSG00000111652",832.063133153458,0.114051139555205,0.0445442658613079,2.5604000279253,0.0104551739604568,1
"54","ENSG00000111790",370.36252884639,-0.19201845037146,0.0731169997503486,-2.62618065603197,0.00863489748066583,1
"55","ENSG00000111911",591.298984650808,0.129774664260603,0.0480496780962801,2.70084357278244,0.00691638598138995,1
"56","ENSG00000112599",5.29734453638252,-0.830680292145213,0.401133026661039,-2.07083495233401,0.0383742226572996,1
"57","ENSG00000112782",11.8869693183356,-0.998860920039917,0.490959426545217,-2.03450807955496,0.0419003948154674,1
"58","ENSG00000113494",4951.27837251572,0.265032997431266,0.134391919045169,1.97209028127791,0.0485993012245994,1
"59","ENSG00000115825",553.013808424053,-0.198552408004693,0.0831804299426739,-2.38700867669872,0.0169860903776017,1
"60","ENSG00000116044",1850.36201883402,-0.16032609921505,0.0759765699766572,-2.11020449152033,0.0348407458313542,1
"61","ENSG00000118162",63.4210181033952,-0.244279716508094,0.109389604353847,-2.23311637290425,0.0255412711678953,1
"62","ENSG00000119326",1147.36236609659,-0.241512671139183,0.112323288946993,-2.15015668970624,0.0315428227008924,1
"63","ENSG00000119523",326.23930462524,0.177365524681018,0.0521441634804931,3.4014453937375,0.000670305187173601,1
"64","ENSG00000119777",1180.65578198432,0.189721504465425,0.0931875209791968,2.03591105838923,0.0417592871894684,1
"65","ENSG00000120334",41.9067868278434,-0.289238909020681,0.146497817688483,-1.97435643468579,0.0483412280427101,1
"66","ENSG00000121933",11.3538259647461,0.631534890586993,0.285072933660589,2.21534497322326,0.0267363951734029,1
"67","ENSG00000122299",527.208050080974,-0.147973374842713,0.0754174545097431,-1.96205740175965,0.0497558016656824,1
"68","ENSG00000122566",7362.72659741849,-0.121222012504778,0.0556150816211928,-2.17966078572803,0.0292826153870518,1
"69","ENSG00000122873",4952.3265422815,-0.148235643301492,0.0702543090856036,-2.10998649379457,0.0348595192466781,1
"70","ENSG00000122882",298.397487521496,-0.180435974050468,0.0800853626014657,-2.2530456027075,0.0242562737743562,1
"71","ENSG00000124177",1166.56049008406,-0.224304570523115,0.0973845212923007,-2.30328770472529,0.021262660963759,1
"72","ENSG00000124562",338.570872782359,-0.115407712375328,0.0494640551434841,-2.33316318366046,0.0196395823205293,1
"73","ENSG00000124839",1520.47726845027,-0.288326249233523,0.132672318660695,-2.17322085077074,0.0297636992020021,1
"74","ENSG00000125319",9.09015307088089,-0.800647591810961,0.355011155924646,-2.25527445672976,0.024116106908288,1
"75","ENSG00000125534",470.582755161427,0.320365816636555,0.13509376562713,2.37143302023863,0.0177192579786074,1
"76","ENSG00000125691",1667.33795340188,0.109289408287165,0.0465042974048745,2.35009266639753,0.0187687378153572,1
"77","ENSG00000125971",1121.87890639032,-0.0949931046965752,0.0465799365684786,-2.03935667788905,0.0414144427865281,1
"78","ENSG00000126001",408.898420239962,0.161960314589901,0.0767703187514607,2.10967359812896,0.0348864801299619,1
"79","ENSG00000126773",546.917536986291,-0.173174081987553,0.0710782192941589,-2.43638745746946,0.0148347849131219,1
"80","ENSG00000127022",7004.01228812087,0.251544982081899,0.0851869516642965,2.95285812166614,0.00314846632810565,1
"81","ENSG00000128228",152.020488052917,0.334584894711742,0.113835916956901,2.93918565999182,0.00329075885108742,1
"82","ENSG00000128590",266.780339341886,0.423570221679894,0.122303485113769,3.46327188702661,0.000533648867031993,1
"83","ENSG00000129474",531.908972908442,-0.275573672422003,0.134920907370393,-2.04248309467324,0.0411036346567402,1
"84","ENSG00000130175",2109.57857660784,0.197771351198134,0.0818827819789869,2.41529838652632,0.0157223238940174,1
"85","ENSG00000130783",7.10094898538596,-0.690421153188352,0.337779204334546,-2.04400136044059,0.0409534127510776,1
"86","ENSG00000130962",90.0495603839309,-0.229416593932146,0.114991135215931,-1.99508069471048,0.0460340795390381,1
"87","ENSG00000132153",1196.67782752137,-0.105220339203774,0.051053982465467,-2.06096241904233,0.0393066255357429,1
"88","ENSG00000132357",223.958051948381,-0.508115943121669,0.23033151848869,-2.20602002911129,0.0273825973497792,1
"89","ENSG00000132388",675.713586321725,-0.153017684403299,0.0768267916863019,-1.99172295295239,0.0464014638833791,1
"90","ENSG00000133678",162.420834014171,0.281401470258359,0.116676188019743,2.41181577007591,0.0158732999635844,1
"91","ENSG00000134955",26.0529311055425,0.458530736738023,0.224427347333278,2.04311436278351,0.0410411184365135,1
"92","ENSG00000135069",100.592486169151,1.25337581643381,0.42633281735305,2.93989992188633,0.00328318272049014,1
"93","ENSG00000135205",18.1866645771401,0.502876484601179,0.25047115324795,2.00772215913968,0.0446728245461136,1
"94","ENSG00000135253",6.33212149697952,0.874464071411229,0.355384919509761,2.46061108225278,0.0138700627964352,1
"95","ENSG00000135473",415.728824161349,0.207134562066702,0.070265881980236,2.94786824315339,0.00319973408473294,1
"96","ENSG00000135842",119.86823619181,0.810606851888394,0.345790895375843,2.34421109036818,0.019067376435385,1
"97","ENSG00000136146",220.453375731503,-0.189116592635559,0.0718334021035689,-2.6327110661262,0.00847063733752783,1
"98","ENSG00000136522",219.409651299435,-0.19640325317402,0.0910897291374093,-2.15615146772195,0.031071839754016,1
"99","ENSG00000136942",975.434049344665,0.0764974219347352,0.0337216984472986,2.26849255693001,0.023299202153172,1
"100","ENSG00000137074",221.331840614428,0.137631077696557,0.0652027855383352,2.11081591929287,0.0347881372699658,1
"101","ENSG00000137161",335.053863920605,0.182362517796349,0.0815374140078942,2.2365501777956,0.025315754302193,1
"102","ENSG00000137198",53.8635164006953,0.448397091297254,0.218363144079124,2.05344676267703,0.0400292679609906,1
"103","ENSG00000137463",1.29834390712086,-1.7161996171409,0.800101948568452,-2.14497617486314,0.0319547519531599,1
"104","ENSG00000138375",243.164354795076,-0.203205920877664,0.0978456428610209,-2.0768009176075,0.0378199375031378,1
"105","ENSG00000138413",413.570366260967,0.186911244136197,0.0850192228034201,2.19845863056605,0.0279164395182605,1
"106","ENSG00000138463",516.335193698323,0.135780576512722,0.0508707972619702,2.66912617495438,0.0076048875763899,1
"107","ENSG00000142188",315.169354990246,0.15035016503671,0.0759525887072561,1.97952653880178,0.0477567547009515,1
"108","ENSG00000143318",4.93860929576672,1.13245205634594,0.506143039571918,2.23741505425766,0.0252592255250611,1
"109","ENSG00000143870",1391.99900563592,0.265384682893471,0.0901522262841819,2.94373964828016,0.00324272660101593,1
"110","ENSG00000143919",59.0842234099252,-0.256580571746556,0.126707815194052,-2.02497826478664,0.0428695961251692,1
"111","ENSG00000143977",125.246398563434,-0.210030872580663,0.104152675042754,-2.01656724125853,0.0437406945096496,1
"112","ENSG00000144182",19.6687718950676,0.437234444831258,0.21596651340148,2.02454740758092,0.042913859302765,1
"113","ENSG00000144591",227.615998742011,0.238263373797097,0.0873285538212139,2.72835588557769,0.00636508959054828,1
"114","ENSG00000145050",276.363825357914,0.39218048383887,0.182626558081977,2.147444971628,0.0317578736431831,1
"115","ENSG00000145375",61.8390573541871,-0.390852109094817,0.193674943362634,-2.01808299157724,0.0435826187382706,1
"116","ENSG00000146205",27.1531499400766,-0.596096862660669,0.265897305030257,-2.24183115580219,0.0249722868071001,1
"117","ENSG00000146223",1505.63049976144,-0.117595375998567,0.0588312936962548,-1.99885755709726,0.0456237681052936,1
"118","ENSG00000146250",18.5923277389154,-1.05314465253703,0.387703294955698,-2.71636755797335,0.00660025970020208,1
"119","ENSG00000147403",582.14024436746,0.17529181454003,0.0826681779404701,2.12042673380631,0.0339700741632728,1
"120","ENSG00000147570",3.90604597323267,3.08946286872507,1.38509412963508,2.23050751759307,0.0257137689403116,1
"121","ENSG00000148248",1696.32702328239,0.0830391057048941,0.0349153000850308,2.37830136079785,0.0173926049645267,1
"122","ENSG00000150401",159.687238193904,-0.248524357256266,0.103972540057138,-2.39028840807093,0.0168351467218932,1
"123","ENSG00000151726",1094.3260208713,0.283980538140227,0.11177294392918,2.54069122774611,0.0110633575366376,1
"124","ENSG00000152242",952.102485657767,-0.142719742347937,0.0553758848443062,-2.57729050739694,0.00995782217520481,1
"125","ENSG00000153179",175.093719573843,-0.211781342247264,0.101611416552554,-2.08422783022348,0.0371394484134848,1
"126","ENSG00000154473",607.348639791758,-0.142778282964982,0.0727053653649476,-1.9637929367152,0.0495541095465447,1
"127","ENSG00000155111",364.632007509012,-0.437512908654725,0.137982038028674,-3.1707961043727,0.0015202180780423,1
"128","ENSG00000155660",687.600696378078,0.346033467876026,0.148336980159629,2.33275254426544,0.0196611366764291,1
"129","ENSG00000155876",778.541417312159,-0.1464033550067,0.0621183831950271,-2.35684426214139,0.018430974795696,1
"130","ENSG00000157045",206.101838325389,-0.170757447080904,0.0771041839830325,-2.21463269903071,0.0267852857121944,1
"131","ENSG00000157259",437.770040609283,0.187426838580881,0.0714636351032122,2.62268828489046,0.00872390489640991,1
"132","ENSG00000160293",340.258413663999,0.170324640801899,0.0788533691023377,2.16001729210641,0.0307713309467001,1
"133","ENSG00000160828",110.775393723408,0.228764672017639,0.0998151393337423,2.29188351130524,0.0219123659755728,1
"134","ENSG00000161640",1.07282073046199,1.82319873122111,0.928772840677397,1.96301899815607,0.0496439665639572,1
"135","ENSG00000161692",42.573296842301,0.300309759574108,0.132893613460887,2.25977570895455,0.0238351747347133,1
"136","ENSG00000162482",0.85284344249094,2.59804550722691,1.04430322669322,2.48782675454677,0.0128526325610404,1
"137","ENSG00000162852",362.672471992048,-0.100155438026651,0.0508532929782834,-1.96949759122622,0.0488959789147652,1
"138","ENSG00000163016",1.14002673587595,1.94533639001867,0.913910511270467,2.12858520175501,0.0332885939157146,1
"139","ENSG00000163249",379.324394266999,-0.272122177274551,0.122696038256916,-2.21785626610657,0.026564634252592,1
"140","ENSG00000163479",784.277063212926,0.128022600238306,0.0633136407864184,2.02203819979609,0.0431724056402016,1
"141","ENSG00000163703",424.418208429043,0.241014650969129,0.0899250612049406,2.68017222050985,0.00735842909629855,1
"142","ENSG00000164066",58.4750925109114,0.314042969786701,0.141584789916268,2.21805583758271,0.0265510254534609,1
"143","ENSG00000164776",5.18464218365232,-0.758752893571959,0.340095219082411,-2.23100135197166,0.0256810394600579,1
"144","ENSG00000164850",7.2662396713683,-1.19827234126565,0.588293122056981,-2.03686274127405,0.0416637987833392,1
"145","ENSG00000165023",20.2021912944914,0.461724527418704,0.229386608027762,2.01286610141958,0.0441287176105543,1
"146","ENSG00000165113",90.2130186521279,0.279067207552549,0.107342283552736,2.59978825040968,0.00932813000750857,1
"147","ENSG00000165416",352.902697956749,-0.144251132685407,0.0707807473133444,-2.03799957136382,0.041549975738527,1
"148","ENSG00000165449",73.7132146610194,0.502036206953073,0.245238307795996,2.04713615692821,0.0406447177577876,1
"149","ENSG00000166317",1.21375127585721,-1.74779109556336,0.852704035801118,-2.04970426101162,0.0403932989654094,1
"150","ENSG00000166436",44.9512089774548,0.305940383313364,0.152412749473315,2.00731490226761,0.0447161433783203,1
"151","ENSG00000166598",4534.42547295368,0.350926067147006,0.102260401317334,3.43169068990853,0.00059983126363903,1
"152","ENSG00000166823",30.2744518909988,1.04482163848446,0.475894647097505,2.19548936903756,0.0281285126619305,1
"153","ENSG00000167232",304.33951854448,0.174150246091241,0.0881834475281198,1.97486320815149,0.0482836736307401,1
"154","ENSG00000167291",710.325818367423,0.15592302225573,0.0725919842351514,2.14793718478116,0.0317187458882134,1
"155","ENSG00000167658",15598.0382149445,0.123122576283549,0.0543370419864163,2.2659050213725,0.023457199115505,1
"156","ENSG00000168824",0.820907118792996,2.03791921502576,0.979083628863567,2.08145571527041,0.0373922135187805,1
"157","ENSG00000169359",426.050927379559,0.193369136726293,0.0544561273900802,3.55091604919225,0.000383892847422739,1
"158","ENSG00000169567",1684.93970699239,-0.182252003589988,0.0594307501540343,-3.06662801862036,0.00216488082494468,1
"159","ENSG00000169758",6.17984831573554,0.950597642470791,0.479545837812865,1.98228733838317,0.0474470903269565,1
"160","ENSG00000171017",16.1767412087644,-0.563878300077837,0.211185004803662,-2.67006788953634,0.00758359119961938,1
"161","ENSG00000171094",1.26813178622468,1.88795497224428,0.926802400996041,2.03706310019836,0.0416437190691306,1
"162","ENSG00000171101",0.731875085943969,-2.85205353811705,1.00424480385288,-2.83999830238094,0.00451137739122735,1
"163","ENSG00000171227",409.882188005232,0.48870375638821,0.212174512991673,2.30331037171929,0.0212613865002978,1
"164","ENSG00000171456",843.825066962742,-0.165246892769659,0.0546733874375006,-3.0224374328106,0.00250747912403245,1
"165","ENSG00000171700",74.6293586930471,-0.231558003135379,0.0971308977546146,-2.3839788212436,0.0171265879796139,1
"166","ENSG00000173114",1.15963114558395,-2.07730131317099,0.836954046461472,-2.48197774053849,0.0130655436837176,1
"167","ENSG00000173214",57.1826294010816,-0.383487469367356,0.140849922822727,-2.72266723106417,0.00647572494759394,1
"168","ENSG00000173812",2645.39626126066,0.100533713728353,0.0503213912735743,1.99783255557854,0.0457348165638421,1
"169","ENSG00000173988",2.61093739485413,-1.28710624719397,0.626870250414309,-2.05322592090357,0.0400506715811818,1
"170","ENSG00000174007",82.8437613704109,-0.239945366709069,0.121513617106529,-1.97463767783913,0.0483092800627475,1
"171","ENSG00000174748",2922.3577978557,0.104556841925108,0.0459795709390332,2.27398472386238,0.0229669050176862,1
"172","ENSG00000174844",1.19181408258801,1.78250433640302,0.898293531877714,1.98432280000617,0.0472198660420479,1
"173","ENSG00000175197",72.5736851482195,0.692012253554721,0.296363146396808,2.33501453189516,0.0195426616016913,1
"174","ENSG00000175482",48.538523629025,0.300348556513434,0.146149145071234,2.0550825416532,0.0398710328796759,1
"175","ENSG00000176381",15.6183382223005,0.636976281347527,0.284744543460047,2.23700961432787,0.0252857116731945,1
"176","ENSG00000176428",50.2657474073315,0.330222139324303,0.142430533328483,2.31847857062167,0.0204233262772924,1
"177","ENSG00000177359",1.27952719636363,2.63895980897657,0.942113034177466,2.80110741836894,0.00509275638387951,1
"178","ENSG00000178464",712.418065054321,0.18809191045479,0.0656452202203002,2.86527960182886,0.00416641187214534,1
"179","ENSG00000178826",92.3553331347869,-0.334522408428145,0.137977490961407,-2.42447087635268,0.0153307129323618,1
"180","ENSG00000179218",6300.09901579555,0.325354308861174,0.103594830580865,3.14064231812421,0.00168577778746992,1
"181","ENSG00000179397",7.74128210440565,1.0544645595566,0.331347311859705,3.18235435090258,0.0014608296967319,1
"182","ENSG00000180616",3.30014201245254,-1.71041996444396,0.704833384225851,-2.4267011221703,0.0152368023545106,1
"183","ENSG00000180878",2.864726648826,-1.2390751571074,0.49366184255353,-2.50996745200748,0.0120742290006938,1
"184","ENSG00000180901",475.661008805556,-0.109137718041243,0.0509339868621038,-2.14272875077925,0.0321348853555439,1
"185","ENSG00000181260",2.36042765952768,1.27973135824118,0.628780107220502,2.03526056811527,0.0418246615569709,1
"186","ENSG00000182004",89.4889179161655,-0.270870407544151,0.109035529695712,-2.48423984640672,0.012982833183033,1
"187","ENSG00000183401",212.250745055788,0.330124787337249,0.162492480893837,2.03163115930843,0.0421910098050552,1
"188","ENSG00000184164",177.90173053695,0.366430335713138,0.0931280775556119,3.93469236487054,8.33033268105119e-05,0.984070802000093
"189","ENSG00000184470",370.379469686298,-0.298795243026814,0.0804073670170213,-3.71601824697932,0.000202386972880034,1
"190","ENSG00000184575",869.166645868009,0.285547384078488,0.124889443991242,2.2864012758237,0.0222307937685292,1
"191","ENSG00000184616",20.4845983711544,-0.482709872385134,0.209000563534019,-2.30961038679957,0.0209097340408714,1
"192","ENSG00000184702",1012.56373404645,0.239276172120857,0.120686861288354,1.98261989388522,0.0474099035120515,1
"193","ENSG00000185482",6.57113607300125,1.03566941783357,0.390812511201381,2.65004161368801,0.00804818571540221,1
"194","ENSG00000185513",112.011701741344,0.384886218588732,0.17312710934489,2.22314240701606,0.0262061988972827,1
"195","ENSG00000185624",3223.69951020761,0.279413894023692,0.0819889426992378,3.40794605741744,0.000654538325726397,1
"196","ENSG00000185668",5.01703681861564,-1.01105886544245,0.422561123074775,-2.39269258394019,0.0167252480433037,1
"197","ENSG00000186001",435.174720004,-0.11613146753805,0.0534842958750658,-2.17131899444507,0.0299070674672239,1
"198","ENSG00000186566",765.897247527788,-0.117334620244529,0.0533493884101873,-2.19936204970859,0.0278521888549108,1
"199","ENSG00000186908",441.648358699214,-0.170084828555163,0.0842718705078246,-2.0182870930742,0.0435613701464825,1
"200","ENSG00000186976",26.2839554577604,0.512036463543741,0.22369337961731,2.28901036060934,0.0220787504189489,1
"201","ENSG00000187134",110.481211900623,-0.705383469983066,0.352011531530645,-2.00386466578484,0.0450845594794488,1
"202","ENSG00000188811",199.919825990009,0.213133059804245,0.0931879660975835,2.28713071794119,0.0221881944013497,1
"203","ENSG00000189212",12.6115610724973,0.609503863113126,0.282739552936174,2.15570781230851,0.0311064877724581,1
"204","ENSG00000196405",210.81685303459,0.208797921075841,0.102142524837968,2.04418210150046,0.040935560697502,1
"205","ENSG00000196912",36.7213556182921,0.520548715878884,0.160556748386267,3.24214784561126,0.00118632461590942,1
"206","ENSG00000197496",388.493110093524,0.318657622202352,0.124934538382594,2.55059670710521,0.0107538684589588,1
"207","ENSG00000197594",777.184820258964,0.353574010553613,0.156450728245254,2.25997037226536,0.0238230897103633,1
"208","ENSG00000197608",86.9100411087724,0.210063835695093,0.0928124796148902,2.26331455173612,0.023616305891514,1
"209","ENSG00000197993",1.4588128295891,1.56583143993414,0.767751662255652,2.03950250701344,0.0413999012713494,1
"210","ENSG00000198040",287.027938377155,0.17824011615225,0.0804370427343084,2.21589593666434,0.0266986298937263,1
"211","ENSG00000198937",86.6561442023162,0.249326417366894,0.123730799831599,2.01507157236706,0.0438971503495912,1
"212","ENSG00000199179",0.556698168585239,-2.45888004999452,1.0398586583242,-2.36462910637987,0.0180481354550737,1
"213","ENSG00000203684",1.12101140839311,-1.94276871693864,0.80399433980852,-2.41639601269,0.0156750028482832,1
"214","ENSG00000203814",8.24790311724007,-0.674989123707916,0.342110726175896,-1.97301362413545,0.048494010137516,1
"215","ENSG00000204577",2.71097277857936,1.37289228263461,0.629427375741089,2.18117663061312,0.0291703546272477,1
"216","ENSG00000204623",42.7950727653882,0.257782228420233,0.131010510198844,1.96764540515855,0.0491088515574618,1
"217","ENSG00000204804",1.07418830014742,2.04636939475058,1.02288496085152,2.00058606106306,0.0454370169673227,1
"218","ENSG00000205084",123.925869605282,0.259711726921833,0.112210115451148,2.31451260768822,0.0206396204873441,1
"219","ENSG00000207554",4.08320416424202,1.13369316480781,0.533866595568009,2.12355141568955,0.0337076718126164,1
"220","ENSG00000213237",0.895865720092585,2.090640860827,0.973338713494748,2.14790681994001,0.031721158499257,1
"221","ENSG00000213240",204.12402533554,0.267014988011421,0.130255360880534,2.04993472979832,0.04037080056733,1
"222","ENSG00000213754",1.36834855513863,-1.6362832967773,0.741854191725602,-2.20566698284902,0.0274073253195893,1
"223","ENSG00000214110",73.666973581614,-0.222929725763289,0.11207155832011,-1.98917307035683,0.0466821032359904,1
"224","ENSG00000214145",7.86834256976484,1.64046929472175,0.631060115176335,2.59954520222428,0.00933473836302092,1
"225","ENSG00000214293",66.9118102230039,-0.267470461174363,0.12974005647395,-2.06158736510236,0.0392470379683251,1
"226","ENSG00000214391",72.5406572166643,-0.345470233829986,0.163719964124177,-2.11012893679817,0.0348472514359951,1
"227","ENSG00000214776",2.57586947956578,1.34421827970176,0.558149116528357,2.40834974005278,0.0160248213445644,1
"228","ENSG00000214827",4.01999376971163,1.14475135731056,0.479063226095877,2.38956215996728,0.0168684690943286,1
"229","ENSG00000215301",6087.96522547438,-0.158068772090304,0.0800088027036742,-1.97564226371113,0.0481953083270498,1
"230","ENSG00000215333",0.780125920512706,-2.17460101545992,1.03530970095322,-2.10043527406122,0.0356905687845132,1
"231","ENSG00000219481",669.241108862009,0.231177740914467,0.0868929579113087,2.660488795311,0.00780273233588935,1
"232","ENSG00000221886",37.9448177472976,0.397593754816081,0.152578970830736,2.60582275952793,0.00916538754741411,1
"233","ENSG00000223559",65.2201022888926,0.361180426559054,0.162098005101724,2.22816083598559,0.0258697916621825,1
"234","ENSG00000223599",0.993243661402643,-1.99873557083981,0.970070023315382,-2.06040339645667,0.0393599924805134,1
"235","ENSG00000223695",0.594880333469146,2.17930073447129,1.03248515065039,2.11073324696097,0.0347952466067782,1
"236","ENSG00000224908",2.60531186104974,-1.20888400705255,0.564271392002749,-2.14238046476518,0.032162878581859,1
"237","ENSG00000225131",29.6313965560282,-0.434528791424603,0.175478962625461,-2.47624435957063,0.0132772670568162,1
"238","ENSG00000225544",41.2645679904795,0.432392501792848,0.200765669397929,2.15371733170088,0.0312623461119747,1
"239","ENSG00000225648",278.261865779722,-0.165691511372604,0.0826723071233713,-2.00419604989786,0.0450490635513507,1
"240","ENSG00000225806",2.80960778342269,-1.08345866098874,0.544233158853466,-1.99079869236792,0.0465030231941788,1
"241","ENSG00000226686",17.0251375060787,0.764549160380438,0.330580424835369,2.31274783061092,0.0207365075963755,1
"242","ENSG00000226723",97.7989150688055,-0.226493097127152,0.112553553023899,-2.01231405888236,0.0441868413614798,1
"243","ENSG00000226958",3212.1503617198,-0.790736492260346,0.347945142558465,-2.27258954226521,0.0230509264282202,1
"244","ENSG00000227440",0.913897760758557,-2.25025636672658,0.899823610654518,-2.50077497420831,0.0123921889937705,1
"245","ENSG00000227462",0.906539863366072,-1.7806625586458,0.899584809030717,-1.97942710989576,0.0477679387355151,1
"246","ENSG00000228002",24.0194578299025,-0.515956725185329,0.251639738894451,-2.0503785588561,0.0403275038411716,1
"247","ENSG00000228314",21.7338162869315,1.76019830065699,0.875055571731307,2.01152744753618,0.0442697741457429,1
"248","ENSG00000228784",4.43413830057279,-0.772745884936919,0.360403555701558,-2.14411282217429,0.0320238479289333,1
"249","ENSG00000229023",2.33237550133934,-1.09059827492114,0.529308962939062,-2.06041905821025,0.0393584964981399,1
"250","ENSG00000229390",0.717285205384842,2.22800655144356,1.04764262119612,2.12668567158883,0.0334462088219263,1
"251","ENSG00000230069",5.27018849718475,-1.31459450565323,0.377986548414207,-3.47788700727165,0.000505382914193312,1
"252","ENSG00000230572",2.23155570050335,1.18503198680838,0.578884633588241,2.04709525534114,0.0406487327530065,1
"253","ENSG00000231120",11.9077125159785,-0.565865047891961,0.260523009197181,-2.1720348219365,0.0298530364846124,1
"254","ENSG00000231351",104.862001133503,0.212074931284088,0.105197070276189,2.01597754317015,0.043802324105254,1
"255","ENSG00000231448",1.33855402080447,2.12712536012264,0.804155919601844,2.64516533208613,0.00816510113551266,1
"256","ENSG00000232194",1.13616570827517,2.59846534736174,0.954643575417278,2.72192199714531,0.00649034600776559,1
"257","ENSG00000232389",44.7897732417227,-0.367157242900464,0.164424696245237,-2.23298112318149,0.0255501892254748,1
"258","ENSG00000233117",1.27302680841756,2.7412833888714,0.987674764377902,2.77549198151076,0.00551182584812253,1
"259","ENSG00000233229",6.64813115023984,0.721841457422529,0.356111751102036,2.02700825004705,0.042661568964356,1
"260","ENSG00000233230",23.7065370255373,0.405842812059271,0.182134382532602,2.22826029009995,0.0258631627291038,1
"261","ENSG00000233585",20.0064073738363,-0.877208283192886,0.402060410947265,-2.18178228770686,0.0291256044071346,1
"262","ENSG00000233874",1.82537516571838,-1.24352746549429,0.627289363486643,-1.9823825141597,0.0474364451360754,1
"263","ENSG00000233913",934.023489601899,0.184995916173842,0.0709587200803445,2.60709206654766,0.00913148041831902,1
"264","ENSG00000234193",2.03289052068543,-1.44082007555963,0.650516594902178,-2.21488596424861,0.0267678927362915,1
"265","ENSG00000234664",138.051142129853,0.468467986915421,0.20378161421407,2.29887268644021,0.0215121698066492,1
"266","ENSG00000234848",0.545802200513092,-2.22440642388476,1.08496884738582,-2.05020303508654,0.0403446219508426,1
"267","ENSG00000235225",8.5890158303255,-0.68445837461872,0.297402303058895,-2.30145620117534,0.021365858343654,1
"268","ENSG00000236552",5857.02643719483,0.123212311709294,0.0525446885485848,2.34490516763397,0.0190319196154671,1
"269","ENSG00000237991",2.32598624582267,1.40907040343942,0.629573157055952,2.23813608894731,0.0252121818593019,1
"270","ENSG00000238164",61.2011674255121,0.736147195088264,0.359792927700434,2.04603019796205,0.0407533996873606,1
"271","ENSG00000239306",252.273919956482,0.197683859566222,0.0800040924568969,2.47092184281356,0.0134765268676193,1
"272","ENSG00000240371",3.59882547450124,-0.833122688398199,0.420434026191968,-1.9815776947078,0.0475265256732885,1
"273","ENSG00000241781",167.424227723503,-0.683972746886326,0.311142671283353,-2.19826083020109,0.0279305240078926,1
"274","ENSG00000242457",29.9836819932657,0.388828908982049,0.195154276471245,1.9924180807759,0.0463252051471503,1
"275","ENSG00000243015",6.16836090477927,-0.705486988956824,0.336014805026122,-2.09957114509279,0.0357665832790747,1
"276","ENSG00000243547",413.376930092386,-0.154839531953412,0.0583935824272184,-2.65165323854559,0.0080098756970142,1
"277","ENSG00000243927",144.091161458531,-0.477033689129555,0.137361303210574,-3.47283898725295,0.000514984207398566,1
"278","ENSG00000244560",14.0272740173687,0.736357244800104,0.367823968795397,2.00192838767858,0.0452924340303048,1
"279","ENSG00000244588",1.18895671667504,2.027755214155,0.957514347643211,2.11772828171822,0.0341980862298887,1
"280","ENSG00000245534",2.28257604697489,-1.40324310673109,0.553703834492196,-2.53428461086603,0.011267717323451,1
"281","ENSG00000245614",3.60596965235203,1.05247771814649,0.503872779374127,2.08877669369995,0.0367278293207924,1
"282","ENSG00000246339",2.98257724689241,1.12340879079484,0.505992455751303,2.22020857826189,0.0264046122813538,1
"283","ENSG00000248697",17.255212955724,0.466197344333287,0.213643749304591,2.18212489647255,0.0291003162270035,1
"284","ENSG00000249364",14.8293097403676,1.02144770173075,0.49321613827081,2.07099407840118,0.0383593494422261,1
"285","ENSG00000253106",16.8962579411941,-0.509506525742557,0.23969556059843,-2.12564022658789,0.0335332274556646,1
"286","ENSG00000254093",29.9682240255776,-0.39406973739163,0.187345051784825,-2.10344353180056,0.0354270165253138,1
"287","ENSG00000254527",2.22071553268322,-1.21739489928339,0.573883847291055,-2.12132630153287,0.0338943524836721,1
"288","ENSG00000255240",1.48159707452277,-2.1049014671468,0.840610473287334,-2.50401527703463,0.0122792732018867,1
"289","ENSG00000255366",15.4592767579238,0.706379814098677,0.338430563167335,2.08722228715913,0.0368680457505266,1
"290","ENSG00000256323",1.0053293147967,1.94520650060055,0.975649784882433,1.99375486034156,0.0461788507994484,1
"291","ENSG00000258488",6.41014363187408,0.872306484946929,0.422875587860788,2.06279697856216,0.039131921233182,1
"292","ENSG00000258626",7.56229334334688,-0.71158828306274,0.313544694099623,-2.26949553430059,0.023238208485039,1
"293","ENSG00000258732",2.06062593557531,1.59217692602285,0.751028481538908,2.11999539985538,0.0340064332375377,1
"294","ENSG00000258741",6.56930216544795,0.663892839065472,0.324574073520116,2.0454278182645,0.0408126987252556,1
"295","ENSG00000258744",1.82860562284482,1.43739118236817,0.712619384280175,2.01705316200471,0.0436899657744264,1
"296","ENSG00000259414",5.99447838597709,0.975503400637618,0.390876804982824,2.49567993854351,0.0125715976231982,1
"297","ENSG00000260000",4.34247974451107,-0.963694086346742,0.424739495894095,-2.26890622525726,0.0232740290843838,1
"298","ENSG00000260339",2.7759751905721,-1.11431914339734,0.549795157203832,-2.02678966665437,0.0426839276879313,1
"299","ENSG00000260369",1.03649570361758,2.11642299397893,0.98648123608207,2.14542650844993,0.0319187615295659,1
"300","ENSG00000260403",8.35937038845156,0.72603937353459,0.369016253723832,1.96749971365205,0.0491256288976677,1
"301","ENSG00000260588",9.44082282373311,0.663249625302728,0.323353577604533,2.05115907551174,0.0402514578398752,1
"302","ENSG00000260645",0.646752052870037,2.07023065200899,0.996119679284811,2.07829510355158,0.0376821871645216,1
"303","ENSG00000260809",3.17394036082428,1.16613607219271,0.541924071389682,2.1518440197763,0.0314096415107481,1
"304","ENSG00000261052",14.6542905861054,0.860627197891348,0.41547769060064,2.07141614907691,0.0383199230226881,1
"305","ENSG00000261188",10.4208521281825,0.663304527837861,0.284027136959011,2.33535617384892,0.0195248218961283,1
"306","ENSG00000261390",1.26335279792902,1.82980734381969,0.888551765096406,2.05931428611946,0.0394641407989696,1
"307","ENSG00000261401",3.2493352934281,1.13887492974241,0.499754290686807,2.27886973852144,0.0226748097811813,1
"308","ENSG00000261437",8.2604076596873,-0.890808943485535,0.393853085029542,-2.26177977866726,0.0237110128072604,1
"309","ENSG00000261581",3.37857015576484,0.970079162108224,0.477094505477459,2.03330608709778,0.0420216085834303,1
"310","ENSG00000261597",4.4009908888257,-0.967238410293112,0.452109259381618,-2.13939084462918,0.0324040277994692,1
"311","ENSG00000261615",1.02015678950746,2.76385399632157,1.33766177942596,2.06618297601927,0.0388112056860647,1
"312","ENSG00000261766",1.69267042247868,1.59079916366163,0.799734772571571,1.98915842879555,0.0466837187975411,1
"313","ENSG00000264058",17.7185556634687,-0.594770009145743,0.188832014263863,-3.14973078831138,0.00163420975779003,1
"314","ENSG00000265417",3.04070434778141,-0.986316217799563,0.492343711564814,-2.00330824712833,0.0451442128309001,1
"315","ENSG00000266930",8.94329577271595,0.667912910604609,0.292178351639929,2.28597672228544,0.0222556203950673,1
"316","ENSG00000266937",8.04165860925948,0.993527498722087,0.413153987963911,2.40473897787687,0.0161840207490131,1
"317","ENSG00000267058",16.3630316596429,0.612862709518815,0.289540117343833,2.11667631809043,0.0342873280564151,1
"318","ENSG00000267100",77.3012067028307,-0.361960359246159,0.18372442449734,-1.97012651005147,0.048823873356519,1
"319","ENSG00000267113",4.9983939431514,-0.727148787311007,0.370759046589527,-1.96124354617851,0.0498506192960641,1
"320","ENSG00000267809",233.020292115193,-0.23933233108075,0.0993654046965699,-2.40860822548446,0.0160134776449391,1
"321","ENSG00000268688",5.53149172659715,-0.7706484938201,0.364709087369022,-2.11304988142601,0.0345964987079707,1
"322","ENSG00000269102",0.768757442404531,-2.34267986470903,1.05781833896388,-2.21463343791492,0.0267852349551684,1
"323","ENSG00000269386",6.44006050798593,0.924841338057611,0.368396200692043,2.51045297514,0.0120576380405953,1
"324","ENSG00000269696",5.65404218778934,0.943020072372786,0.427976027468767,2.20344134214762,0.0275636570185308,1
"325","ENSG00000270641",1.10668722769941,2.23481073059968,0.96555175005474,2.31454267518336,0.0206379731928546,1
"326","ENSG00000271551",1.54228986260459,-1.47200899884992,0.720351126878249,-2.04346039580599,0.041006884028615,1
